1 1
2 2
3 3
4 16
5 17
6 18
7 19
8 56
9 105
10 106
11 107
12 144
13 145
14 146
15 147
16 208
17 209
18 306
19 307
20 320
21 321
22 322
23 323
24 432
25 529
26 530
27 723
28 736
29 737
30 738
31 739
32 968
33 969
34 970
35 971
36 1176
37 1177
38 1178
39 1179
40 1288
41 1289
42 1290
43 1291
44 1304
45 1401
46 1402
47 1403
48 1608
49 1777
50 2018
51 2019
52 2032
53 2033
54 2418
55 2419
56 2528
57 2529
58 2530
59 2531
60 2616
61 2617
62 2618
63 2715
64 3160
65 3161
66 3162
67 3163
68 3176
69 3177
70 3178
71 3179
72 3600
73 3601
74 3602
75 3915
76 3928
77 3929
78 3930
79 3931
80 4136
81 4545
82 4546
83 4547
84 4608
85 4609
86 4610
87 4611
88 4648
89 4649
90 4866
91 4867
92 4880
93 4881
94 4882
95 4883
96 5376
97 5377
98 5738
99 5787
100 6352