1 1
2 2
3 3
4 10
5 11
6 12
7 13
8 20
9 33
10 34
11 35
12 42
13 43
14 44
15 45
16 64
17 65
18 78
19 79
20 86
21 87
22 88
23 89
24 96
25 121
26 122
27 135
28 142
29 143
30 144
31 145
32 164
33 165
34 166
35 167
36 198
37 199
38 200
39 201
40 208
41 209
42 210
43 211
44 218
45 231
46 232
47 233
48 252
49 289
50 314
51 315
52 322
53 323
54 336
55 337
56 344
57 345
58 346
59 347
60 354
61 355
62 356
63 369
64 412
65 413
66 414
67 415
68 422
69 423
70 424
71 425
72 456
73 457
74 458
75 483
76 490
77 491
78 492
79 493
80 512
81 561
82 562
83 563
84 570
85 571
86 572
87 573
88 580
89 581
90 594
91 595
92 602
93 603
94 604
95 605
96 624
97 625
98 662
99 675
100 730