1 1
2 2
3 3
4 16
5 17
6 18
7 19
8 56
9 105
10 106
11 107
12 144
13 145
14 146
15 147
16 208
17 209
18 306
19 307
20 320
21 321
22 322
23 323
24 432
25 529
26 530
27 723
28 736
29 737
30 738
31 739
32 968
33 969
34 970
35 971
36 1176
37 1177
38 1178
39 1179
40 1288
41 1289
42 1290
43 1291
44 1304
45 1401
46 1402
47 1403
48 1608
49 1777
50 2018
51 2019
52 2032
53 2033
54 2418
55 2419
56 2528
57 2529
58 2530
59 2531
60 2616
61 2617
62 2618
63 2715
64 3160
65 3161
66 3162
67 3163
68 3176
69 3177
70 3178
71 3179
72 3600
73 3601
74 3602
75 3915
76 3928
77 3929
78 3930
79 3931
80 4136
81 4545
82 4546
83 4547
84 4608
85 4609
86 4610
87 4611
88 4648
89 4649
90 4866
91 4867
92 4880
93 4881
94 4882
95 4883
96 5376
97 5377
98 5738
99 5787
100 6352
101 6353
102 6354
103 6355
104 6392
105 6393
106 6394
107 6395
108 7128
109 7129
110 7130
111 7131
112 7336
113 7337
114 7338
115 7339
116 7352
117 7401
118 7402
119 7403
120 7680
121 8113
122 8114
123 8115
124 9041
125 9234
126 9235
127 10088
128 10089
129 10090
130 10091
131 10152
132 10153
133 10154
134 10659
135 10696
136 10696
137 10697
138 10698
139 10699
140 10760
141 10761
142 10762
143 10763
144 11544
145 11545
146 11546
147 12051
148 12064
149 12065
150 12618
151 12619
152 12656
153 12705
154 12706
155 12707
156 12744
157 12745
158 12746
159 12747
160 13336
161 13337
162 14058
163 14059
164 14072
165 14073
166 14074
167 14075
168 14328
169 14881
170 14882
171 14931
172 14944
173 14945
174 14946
175 15187